0 0.1091796875 0.3866355151515152 0.03874999999999999 0.03200800000000001
0 0.15515625 0.4105160303030303 0.071875 0.06304600000000002
0 0.1958203125 0.37244842424242425 0.057499999999999996 0.04946599999999991
0 0.255 0.5699469393939394 0.06312499999999999 0.07953399999999998
0 0.321171875 0.38214742424242426 0.058750000000000024 0.05140599999999998
0 0.32703125 0.5615214848484849 0.07187500000000002 0.06983500000000006
0 0.4934765625 0.4619230303030303 0.06624999999999998 0.06207500000000006
0 0.480078125 0.37026681818181817 0.03562499999999996 0.03782800000000003
0 0.5254687499999999 0.4236711818181818 0.05624999999999997 0.06401500000000004
0 0.659140625 0.4496175757575758 0.05249999999999999 0.05334699999999993
0 0.721171875 0.4448888787878788 0.05874999999999997 0.059165999999999976
0 0.788125 0.41785118181818187 0.06312499999999999 0.06498500000000007
0 0.8494140625 0.4001515757575758 0.050000000000000044 0.053345999999999914
0 0.8935546875 0.4227641212121212 0.038124999999999964 0.04364699999999995
0 0.9401953125 0.4283998787878788 0.05812499999999998 0.06013599999999997
