0 0.06937499999999999 0.3632790833333333 0.06999999999999999 0.065676
0 0.22479166666666667 0.17089858333333333 0.25937499999999997 0.17513700000000001
0 0.3622916666666667 0.25617983333333333 0.053125 0.027364999999999973
0 0.40625 0.2684214166666667 0.050625000000000024 0.04534800000000002
0 0.4239583333333333 0.19700775 0.035625000000000046 0.05629399999999999
0 0.4764583333333334 0.18631441666666668 0.11249999999999995 0.07740399999999999
0 0.5377083333333333 0.2637184166666667 0.09874999999999995 0.07584000000000002
0 0.6091666666666666 0.13417558333333335 0.16625000000000004 0.11336999999999997
0 0.7222916666666668 0.25533683333333335 0.2406249999999999 0.183737
0 0.98625 0.22307991666666668 0.025625000000000023 0.028928999999999983
