0 0.09686425 0.3442476123032904 0.039999999999999994 0.041992000000000036
0 0.1640859375 0.2667997610872675 0.07799999999999999 0.10644500000000001
0 0.221870125 0.29016899141630903 0.06800000000000003 0.11230500000000003
0 0.2771376875 0.32602791273247494 0.1 0.13671899999999998
0 0.3782734375 0.357414452074392 0.061333000000000026 0.12402400000000005
0 0.4767060625 0.3083811430615164 0.08066600000000002 0.142578
0 0.5309404375 0.32918799427753936 0.062000000000000055 0.07714899999999997
0 0.6193545 0.31955198569384835 0.11066599999999993 0.18652399999999994
0 0.67201075 0.34081345207439195 0.055332999999999966 0.12402299999999998
0 0.708723625 0.31639945207439196 0.052000000000000046 0.12402300000000006
0 0.75696875 0.31678529756795426 0.087333 0.133789
0 0.8475595625 0.35682429756795425 0.065334 0.13281199999999996
0 0.9689404375 0.26461667954220314 0.060666 0.16699199999999997
