0 0.05859375 0.6447101386861314 0.11875 0.1372550000000001
0 0.080390625 0.4879365182481751 0.05125 0.05135300000000017
0 0.08734375 0.29255410218978106 0.024375000000000008 0.038281999999999934
0 0.1199609375 0.576586496350365 0.076875 0.07096199999999991
0 0.1253125 0.2477881240875912 0.015625 0.018674000000000024
0 0.145859375 0.441947102189781 0.04312500000000001 0.038281999999999976
0 0.3299609375 0.24680210218978096 0.04562500000000003 0.03828200000000006
0 0.42625 0.7113229051094889 0.15625 0.2240890000000001
0 0.457109375 0.5139097883211678 0.044375 0.06535900000000008
0 0.518359375 0.582121810218978 0.07437500000000002 0.043884000000000006
0 0.5321484375 0.5378296642335767 0.06187500000000001 0.04948699999999992
0 0.543984375 0.4716553722627737 0.07437500000000008 0.05415500000000002
0 0.5670703125 0.35219239416058395 0.026875000000000093 0.034547999999999995
0 0.82203125 0.491923598540146 0.10250000000000004 0.10924300000000009
0 0.8417578125 0.2536275401459854 0.041874999999999996 0.03081200000000001
0 0.896875 0.3526005401459854 0.03187499999999999 0.030811999999999968
