0 0.0730825625 0.6849173125 0.033333999999999996 0.025926000000000005
0 0.138542 0.8594325 0.094444 0.07962999999999998
0 0.1528136875 0.7331664375 0.037963000000000025 0.029629999999999934
0 0.24360524999999997 0.715928375 0.03981500000000002 0.043519000000000085
0 0.375882375 0.8740958124999999 0.10740800000000006 0.0740740000000002
0 0.7261143750000001 0.37243912500000004 0.5444439999999999 0.224074
0 0.4837890625 0.5614659375000001 0.01944399999999996 0.01388899999999993
0 0.5715349375 0.7867544375000001 0.04537000000000002 0.061111999999999944
0 0.798828125 0.8639108125 0.0981479999999999 0.07407400000000008
0 0.948828125 0.8733720625 0.099074 0.08055599999999996
