0 0.1760546875 0.3075700248901903 0.131875 0.11538500000000003
0 0.319140625 0.27430693265007317 0.05124999999999996 0.045966
0 0.413125 0.32590193265007317 0.06437499999999996 0.045966
0 0.455234375 0.3357389633967789 0.075625 0.06941800000000005
0 0.544140625 0.2502587057101025 0.11374999999999996 0.06285200000000002
0 0.6391796875 0.2565270922401171 0.06937499999999996 0.07317100000000001
0 0.70734375 0.3604006383601757 0.11749999999999994 0.106004
0 0.7023046875 0.22122186530014643 0.10125000000000006 0.08818000000000002
0 0.787421875 0.2838635710102489 0.12187499999999996 0.15009399999999998
0 0.9244921875 0.12447689019033677 0.14812500000000006 0.20356499999999997
