0 0.010390625 0.337814718061674 0.02 0.053622000000000045
0 0.0293359375 0.3698687165932452 0.045 0.03480699999999999
0 0.1026953125 0.35828100293685755 0.05687500000000001 0.042332999999999975
0 0.1946484375 0.32941671659324523 0.029375000000000012 0.032926000000000004
0 0.2253125 0.35874043318649046 0.079375 0.06585100000000002
0 0.3171875 0.3413480029368576 0.04749999999999999 0.042332999999999975
0 0.35421875 0.3503424317180617 0.05624999999999997 0.04609599999999997
0 0.3884765625 0.3652795741556535 0.03437499999999999 0.03857000000000003
0 0.7395703125 0.3355201468428781 0.05812499999999998 0.05738500000000003
0 0.7713671875 0.3187020044052863 0.053749999999999964 0.06208800000000003
0 0.895859375 0.29522886343612337 0.10687499999999994 0.08842900000000004
0 0.8551171875 0.3075968604992658 0.023125000000000062 0.04985900000000001
