     0/299      7.2G      5.82      3.18         0      9.01        23       512         0         0    0.0577         0      4.31      1.91         0
     1/299     6.91G      4.05      1.77         0      5.82        18       512     0.236     0.613     0.309     0.341      3.92      1.31         0
     2/299     6.91G       3.6      1.22         0      4.82        21       512     0.624     0.621     0.636     0.622      3.14     0.926         0
     3/299     6.91G      3.31     0.961         0      4.27        30       512     0.631     0.706     0.698     0.666       3.3      0.74         0
     4/299     6.91G      3.13     0.853         0      3.98        19       512     0.718     0.762     0.805     0.739      2.73     0.674         0
     5/299     6.91G      2.92     0.779         0       3.7        20       512     0.666     0.811     0.809     0.731      2.51     0.599         0
     6/299     6.91G      2.74     0.714         0      3.46        27       512     0.709     0.822      0.83     0.762      2.52     0.536         0
     7/299     6.91G      2.59     0.664         0      3.26        31       512     0.665     0.837     0.832     0.741      2.21     0.526         0
     8/299     6.91G       2.4     0.612         0      3.01        19       512     0.774     0.848     0.866     0.809      2.23     0.477         0
     9/299     6.91G      2.34       0.6         0      2.94        21       512     0.743     0.881     0.884     0.806      2.02     0.457         0
    10/299     6.91G      2.15     0.567         0      2.72        31       512     0.817     0.865     0.887     0.841      1.87     0.444         0
    11/299     6.91G      2.16     0.555         0      2.72        14       512     0.745     0.863      0.88       0.8      1.95      0.45         0
    12/299     6.91G      2.11     0.553         0      2.66        20       512     0.785     0.871     0.887     0.826      1.76      0.42         0
    13/299     6.91G      2.12     0.559         0      2.68        21       512     0.792     0.871     0.881      0.83      1.72     0.415         0
    14/299     6.91G      1.96      0.54         0       2.5        22       512     0.738     0.776     0.801     0.756      1.91     0.515         0
    15/299     6.91G      1.91     0.513         0      2.42        22       512      0.61     0.906      0.89     0.729      1.63       0.4         0
    16/299     6.91G      1.85     0.512         0      2.37        40       512     0.835     0.872     0.904     0.853      1.56       0.4         0
    17/299     6.91G      1.82     0.527         0      2.35        25       512     0.791     0.904     0.908     0.843      1.53     0.376         0
    18/299     6.91G      1.85     0.496         0      2.34        25       512     0.762     0.901     0.912     0.826      1.56     0.388         0
    19/299     6.91G      1.81      0.46         0      2.27        25       512     0.811     0.891     0.912     0.849       1.6     0.367         0
    20/299     6.91G      1.87       0.5         0      2.37        25       512     0.777     0.908      0.92     0.837      1.45     0.361         0
    21/299     6.91G      1.71      0.45         0      2.16        23       512     0.837     0.907     0.931      0.87      1.35     0.355         0
    22/299     6.91G      1.71     0.455         0      2.17        33       512     0.829     0.907     0.927     0.866      1.48     0.343         0
    23/299     6.91G      1.65     0.438         0      2.09        24       512     0.817     0.915     0.933     0.863      1.44     0.336         0
    24/299     6.91G      1.64     0.454         0       2.1        32       512     0.862     0.906     0.934     0.884      1.36     0.338         0
    25/299     6.91G      1.63     0.455         0      2.09        17       512     0.844     0.907     0.924     0.874      1.39     0.355         0
    26/299     6.91G      1.66     0.442         0       2.1        33       512     0.852     0.911     0.929      0.88      1.34     0.318         0
    27/299     6.91G      1.64     0.449         0      2.09        31       512      0.89     0.898     0.932     0.894      1.39     0.314         0
    28/299     6.91G      1.63     0.436         0      2.06        31       512     0.835     0.915     0.937     0.873      1.25      0.32         0
    29/299     6.91G      1.54     0.435         0      1.97        20       512     0.877     0.917     0.942     0.896      1.24     0.319         0
    30/299     6.91G       1.5     0.409         0      1.91        19       512     0.846     0.902     0.927     0.873      1.29     0.319         0
    31/299     6.91G      1.54     0.408         0      1.95        29       512     0.866     0.906     0.937     0.885      1.31     0.324         0
    32/299     6.91G      1.54     0.431         0      1.97        18       512     0.819     0.706     0.781     0.758      1.72     0.619         0
    33/299     6.91G      1.83     0.619         0      2.45        18       512     0.595     0.738     0.712     0.659      2.03     0.708         0
    34/299     6.91G      1.81     0.611         0      2.42        17       512     0.711     0.747     0.777     0.729      1.77     0.609         0
    35/299     6.91G      1.82     0.563         0      2.38        23       512     0.663     0.872     0.862     0.754      1.61     0.437         0
    36/299     6.91G      1.77     0.538         0      2.31        20       512     0.749     0.871     0.893     0.805      1.44     0.384         0
    37/299     6.91G      1.65     0.472         0      2.12        26       512     0.771     0.888     0.907     0.825      1.37      0.38         0
    38/299     6.91G      1.62     0.474         0       2.1        18       512     0.826     0.896      0.92     0.859      1.28     0.344         0
    39/299     6.91G      1.59     0.487         0      2.08        17       512     0.824     0.898     0.925      0.86      1.23     0.336         0
    40/299     6.91G      1.58     0.436         0      2.02        19       512     0.818     0.908     0.923      0.86      1.23     0.337         0
    41/299     6.91G       1.6     0.479         0      2.08        17       512     0.761     0.919      0.93     0.832      1.25     0.331         0
    42/299     6.91G      1.51     0.444         0      1.96        35       512     0.755     0.897     0.915      0.82      1.24     0.349         0
    43/299     6.91G      1.54     0.466         0         2        21       512     0.844     0.615       0.7     0.712      2.27     0.814         0
    44/299     6.91G      1.54     0.461         0         2        22       512     0.828       0.9     0.926     0.863      1.22      0.33         0
    45/299     6.91G      1.49     0.449         0      1.94        21       512      0.84     0.911     0.931     0.874      1.21     0.313         0
    46/299     6.91G       1.5     0.431         0      1.93        28       512      0.87     0.909      0.93     0.889      1.18     0.298         0
    47/299     6.91G      1.48     0.406         0      1.89        33       512     0.837     0.924      0.94     0.878      1.16     0.295         0
    48/299     6.91G      1.48      0.42         0       1.9        27       512     0.869     0.925     0.946     0.896      1.12     0.287         0
    49/299     6.91G      1.41     0.407         0      1.82        33       512     0.899     0.911     0.943     0.905      1.07     0.286         0
    50/299     6.91G      1.39     0.382         0      1.77        22       512     0.803     0.929     0.944     0.862      1.07     0.286         0
    51/299     6.91G      1.33      0.38         0      1.71        30       512     0.873      0.92     0.946     0.896      1.04      0.28         0
    52/299     6.91G      1.37     0.383         0      1.75        22       512     0.892     0.923      0.95     0.907      1.06     0.291         0
    53/299     6.91G      1.33     0.374         0       1.7        24       512     0.901     0.925     0.956     0.913      1.03     0.268         0
    54/299     6.91G      1.38     0.375         0      1.76        25       512     0.898      0.93     0.956     0.914      1.02     0.261         0
    55/299     6.91G       1.3     0.366         0      1.67        25       512     0.879     0.929     0.952     0.903     0.988     0.269         0
    56/299     6.91G      1.27     0.354         0      1.63        24       512     0.885     0.927     0.953     0.906      1.01     0.266         0
    57/299     6.91G       1.3     0.361         0      1.66        23       512      0.93     0.926     0.958     0.928     0.998     0.273         0
    58/299     6.91G      1.26      0.39         0      1.65        29       512     0.894     0.921     0.958     0.907      1.03     0.266         0
    59/299     6.91G      1.25     0.361         0      1.61        21       512     0.879     0.934     0.961     0.906     0.966     0.266         0
    60/299     6.91G       1.3     0.354         0      1.65        26       512     0.882     0.934     0.962     0.907      1.01     0.257         0
    61/299     6.91G      1.32     0.338         0      1.66        26       512      0.92     0.925     0.958     0.922      1.02     0.258         0
    62/299     6.91G      1.29     0.344         0      1.64        25       512     0.929      0.93     0.959     0.929     0.965     0.254         0
    63/299     6.91G      1.29     0.327         0      1.62        18       512      0.91     0.929     0.959      0.92     0.953     0.251         0
    64/299     6.91G      1.27     0.358         0      1.63        28       512      0.92     0.929      0.96     0.925     0.936     0.249         0
    65/299     6.91G      1.24     0.357         0       1.6        26       512     0.902     0.932      0.96     0.916     0.922     0.245         0
    66/299     6.91G      1.22     0.329         0      1.55        21       512      0.92     0.919      0.96      0.92     0.925     0.243         0
    67/299     6.91G      1.28     0.336         0      1.61        25       512     0.901     0.926      0.96     0.913     0.967     0.244         0
    68/299     6.91G      1.23     0.343         0      1.57        27       512     0.888     0.935     0.961     0.911      0.94     0.241         0
    69/299     6.91G      1.23      0.36         0      1.59        21       512       0.9     0.933      0.96     0.916     0.926     0.247         0
    70/299     6.91G       1.2     0.367         0      1.57        26       512     0.893     0.933      0.96     0.912     0.874     0.242         0
    71/299     6.91G      1.16     0.337         0       1.5        25       512      0.91     0.933     0.964     0.922     0.872     0.234         0
    72/299     6.91G      1.17     0.336         0      1.51        16       512     0.925     0.932     0.968     0.928     0.894      0.24         0
    73/299     6.91G      1.21     0.348         0      1.56        20       512     0.928     0.926     0.964     0.927     0.898     0.225         0
    74/299     6.91G      1.14     0.314         0      1.45        15       512     0.901     0.934     0.962     0.918     0.863     0.225         0
    75/299     6.91G      1.17     0.336         0      1.51        27       512     0.939     0.933     0.968     0.936     0.873     0.227         0
    76/299     6.91G      1.15     0.343         0      1.49        22       512     0.904     0.933     0.968     0.918     0.839     0.226         0
    77/299     6.91G      1.15     0.349         0      1.49        29       512     0.931     0.927     0.962     0.929     0.824     0.221         0
    78/299     6.91G      1.12     0.321         0      1.44        18       512     0.931     0.933     0.964     0.932     0.845      0.22         0
    79/299     6.91G      1.09     0.318         0      1.41        24       512     0.914     0.936     0.964     0.925     0.835      0.22         0
    80/299     6.91G       1.1     0.323         0      1.42        22       512     0.931     0.933      0.97     0.932     0.844     0.214         0
    81/299     6.91G      1.14     0.314         0      1.45        34       512     0.927     0.936     0.971     0.931     0.832     0.215         0
    82/299     6.91G      1.15      0.31         0      1.46        24       512     0.938     0.935     0.977     0.937     0.803     0.222         0
    83/299     6.91G      1.08     0.318         0      1.39        23       512      0.93      0.93     0.972      0.93     0.807     0.225         0
    84/299     6.91G      1.09     0.305         0      1.39        36       512     0.945     0.932     0.972     0.938     0.804     0.219         0
    85/299     6.91G      1.11     0.298         0      1.41        18       512     0.893     0.942     0.967     0.917      0.81     0.219         0
    86/299     6.91G      1.12     0.303         0      1.43        27       512     0.947     0.921     0.963     0.934      0.83     0.217         0
    87/299     6.91G      1.11     0.318         0      1.43        26       512     0.912     0.937     0.968     0.924     0.811     0.219         0
    88/299     6.91G      1.07     0.317         0      1.39        31       512     0.946     0.929      0.97     0.937     0.792     0.221         0
    89/299     6.91G      1.07     0.307         0      1.37        27       512     0.929     0.933      0.97     0.931     0.776     0.217         0
    90/299     6.91G      1.09     0.298         0      1.39        36       512     0.941      0.93     0.971     0.935     0.768     0.214         0
    91/299     6.91G      1.04     0.306         0      1.34        19       512     0.951     0.933     0.975     0.942     0.762     0.202         0
    92/299     6.91G      1.05      0.29         0      1.34        24       512     0.947     0.929     0.968     0.938     0.758      0.21         0
    93/299     6.91G      1.07     0.297         0      1.37        16       512      0.94     0.938     0.975     0.939     0.777      0.21         0
    94/299     6.91G      1.08     0.279         0      1.36        21       512     0.939     0.934     0.974     0.936     0.767     0.214         0
    95/299     6.91G      1.03       0.3         0      1.33        18       512     0.938     0.934     0.976     0.936     0.759     0.208         0
    96/299     6.91G      1.06     0.299         0      1.36        32       512     0.927     0.937     0.973     0.932     0.765     0.209         0
    97/299     6.91G         1     0.304         0      1.31        27       512     0.946     0.933     0.967     0.939     0.741      0.22         0
    98/299     6.91G      1.04     0.281         0      1.32        21       512     0.934     0.934     0.975     0.934     0.734     0.207         0
    99/299     6.91G      1.02     0.292         0      1.31        31       512     0.938     0.934     0.973     0.936     0.737     0.202         0
   100/299     6.91G      1.04     0.292         0      1.34        28       512     0.955     0.937     0.977     0.946     0.779     0.209         0
   101/299     6.91G      1.02     0.302         0      1.32        27       512     0.947     0.937     0.972     0.942     0.714     0.198         0
   102/299     6.91G      1.02     0.281         0       1.3        27       512     0.948     0.933     0.975      0.94     0.715       0.2         0
   103/299     6.91G     0.999     0.267         0      1.27        23       512     0.935     0.933     0.974     0.934     0.711     0.197         0
   104/299     6.91G     0.948     0.283         0      1.23        22       512     0.929     0.935     0.976     0.932     0.708     0.198         0
   105/299     6.91G     0.994      0.29         0      1.28        18       512     0.937     0.935     0.977     0.936     0.693     0.202         0
   106/299     6.91G      1.02     0.276         0      1.29        20       512     0.939     0.936      0.98     0.937       0.7     0.197         0
   107/299     6.91G     0.964     0.282         0      1.25        30       512     0.936     0.934      0.98     0.935      0.71     0.208         0
   108/299     6.91G     0.961     0.292         0      1.25        28       512     0.934     0.939     0.979     0.936     0.708     0.187         0
   109/299     6.91G     0.967     0.263         0      1.23        26       512     0.949     0.936     0.982     0.942     0.707     0.189         0
   110/299     6.91G     0.934     0.265         0       1.2        28       512     0.955     0.934     0.983     0.945     0.679       0.2         0
   111/299     6.91G     0.973     0.285         0      1.26        23       512     0.962     0.931     0.984     0.946     0.667     0.198         0
   112/299     6.91G     0.919     0.274         0      1.19        19       512      0.94     0.935     0.982     0.938     0.669     0.189         0
   113/299     6.91G     0.948     0.268         0      1.22        29       512     0.936     0.936      0.98     0.936     0.672     0.188         0
   114/299     6.91G     0.918     0.275         0      1.19        19       512     0.953     0.934     0.982     0.943      0.67     0.199         0
   115/299     6.91G     0.946     0.273         0      1.22        22       512     0.944     0.933     0.982     0.939     0.664     0.188         0
   116/299     6.91G     0.914     0.251         0      1.17        34       512     0.952     0.932     0.981     0.942     0.674     0.189         0
   117/299     6.91G     0.919     0.289         0      1.21        32       512     0.943     0.938     0.983      0.94     0.643     0.193         0
   118/299     6.91G     0.919      0.27         0      1.19        28       512     0.937     0.937     0.982     0.937     0.646     0.193         0
   119/299     6.91G     0.899     0.269         0      1.17        27       512      0.94     0.936     0.984     0.938     0.657     0.187         0
   120/299     6.91G     0.935     0.254         0      1.19        21       512     0.937     0.936     0.984     0.937     0.671     0.185         0
   121/299     6.91G     0.929      0.26         0      1.19        25       512     0.947     0.932     0.985     0.939     0.671     0.188         0
   122/299     6.91G      0.88     0.256         0      1.14        26       512     0.944     0.938     0.984     0.941     0.652     0.187         0
   123/299     6.91G     0.886     0.265         0      1.15        19       512     0.942      0.94     0.984     0.941     0.641     0.187         0
   124/299     6.91G     0.891     0.271         0      1.16        25       512     0.934     0.939     0.984     0.936     0.648     0.186         0
   125/299     6.91G     0.886     0.249         0      1.13        21       512     0.955     0.933     0.987     0.944      0.63     0.173         0
   126/299     6.91G     0.916     0.261         0      1.18        22       512     0.953     0.936     0.984     0.945     0.622     0.177         0
   127/299     6.91G     0.856     0.241         0       1.1        21       512     0.971     0.944     0.987     0.958     0.637     0.178         0
   128/299     6.91G     0.899     0.241         0      1.14        28       512     0.951     0.943     0.987     0.947     0.636     0.178         0
   129/299     6.91G     0.888     0.269         0      1.16        42       512     0.961     0.935     0.987     0.948     0.605     0.175         0
   130/299     6.91G     0.866     0.254         0      1.12        19       512     0.954     0.942     0.986     0.948     0.615     0.174         0
   131/299     6.91G     0.819     0.247         0      1.07        30       512      0.95     0.943     0.986     0.946     0.629     0.175         0
   132/299     6.91G     0.845     0.237         0      1.08        22       512     0.957     0.942     0.985      0.95     0.597     0.173         0
   133/299     6.91G     0.853     0.249         0       1.1        28       512     0.966     0.936     0.986     0.951     0.613      0.17         0
   134/299     6.91G     0.834     0.235         0      1.07        44       512     0.948     0.948     0.986     0.948     0.597     0.175         0
   135/299     6.91G     0.863     0.252         0      1.11        30       512     0.953     0.947     0.987      0.95      0.59     0.171         0
   136/299     6.91G     0.821      0.24         0      1.06        24       512     0.962     0.951     0.988     0.956      0.57      0.18         0
   137/299     6.91G     0.867     0.231         0       1.1        15       512     0.955     0.957     0.987     0.956     0.601      0.18         0
   138/299     6.91G     0.843     0.242         0      1.09        26       512     0.964     0.941     0.988     0.953     0.595     0.175         0
   139/299     6.91G     0.822     0.254         0      1.08        26       512     0.963     0.949      0.99     0.956     0.591     0.177         0
   140/299     6.91G     0.845     0.246         0      1.09        29       512     0.963     0.942     0.988     0.952     0.575     0.175         0
   141/299     6.91G     0.837     0.246         0      1.08        24       512     0.966     0.947      0.99     0.957     0.573     0.171         0
   142/299     6.91G     0.792     0.241         0      1.03        24       512     0.961     0.954      0.99     0.958     0.571     0.165         0
   143/299     6.91G     0.821     0.214         0      1.04        27       512     0.955     0.947     0.988     0.951     0.579     0.165         0
   144/299     6.91G     0.799     0.236         0      1.04        26       512     0.962     0.941     0.986     0.952     0.586      0.17         0
   145/299     6.91G     0.815     0.241         0      1.06        31       512     0.953     0.948     0.985     0.951      0.58     0.169         0
   146/299     6.91G     0.783     0.227         0      1.01        25       512     0.955     0.956     0.989     0.956     0.552     0.161         0
   147/299     6.91G     0.809     0.247         0      1.06        27       512     0.964     0.961     0.991     0.962     0.559     0.161         0
   148/299     6.91G     0.755     0.223         0     0.977        20       512     0.966     0.957      0.99     0.962      0.54     0.164         0
   149/299     6.91G     0.787     0.228         0      1.02        33       512     0.964     0.954      0.99     0.959     0.541     0.164         0
   150/299     6.91G     0.804     0.237         0      1.04        25       512     0.973     0.954     0.991     0.963     0.548     0.164         0
   151/299     6.91G     0.796     0.235         0      1.03        21       512     0.963     0.948     0.989     0.955      0.56     0.168         0
   152/299     6.91G     0.773     0.207         0      0.98        23       512     0.968      0.95      0.99     0.959     0.535     0.159         0
   153/299     6.91G     0.763      0.23         0     0.993        19       512     0.958     0.949      0.99     0.954     0.544     0.161         0
   154/299     6.91G     0.765     0.233         0     0.998        25       512     0.959     0.952      0.99     0.956     0.525     0.165         0
   155/299     6.91G     0.748     0.224         0     0.972        24       512      0.95     0.961     0.989     0.956     0.546      0.16         0
   156/299     6.91G     0.751     0.209         0      0.96        23       512     0.956     0.968     0.991     0.962      0.53     0.155         0
   157/299     6.91G     0.756     0.221         0     0.977        19       512     0.962     0.961     0.991     0.961     0.525     0.159         0
   158/299     6.91G     0.732     0.222         0     0.954        23       512     0.972      0.96     0.991     0.966      0.51     0.158         0
   159/299     6.91G     0.748     0.214         0     0.963        25       512     0.976     0.957      0.99     0.967     0.526     0.153         0
   160/299     6.91G     0.759     0.228         0     0.987        32       512     0.966     0.959     0.989     0.963     0.521     0.153         0
   161/299     6.91G     0.735     0.217         0     0.952        25       512     0.969     0.963      0.99     0.966     0.503     0.145         0
   162/299     6.91G     0.764     0.213         0     0.977        28       512     0.969     0.968     0.992     0.968     0.499     0.145         0
   163/299     6.91G     0.735     0.212         0     0.947        24       512     0.962     0.967     0.992     0.965     0.514     0.145         0
   164/299     6.91G     0.732     0.201         0     0.932        29       512     0.962     0.967     0.991     0.965      0.53     0.143         0
   165/299     6.91G      0.73     0.209         0     0.939        18       512     0.968     0.967     0.992     0.967     0.507     0.142         0
   166/299     6.91G     0.737     0.218         0     0.955        24       512     0.974     0.968     0.992     0.971     0.496     0.145         0
   167/299     6.91G     0.737     0.199         0     0.936        26       512     0.966     0.965     0.992     0.966     0.506     0.148         0
   168/299     6.91G     0.719     0.203         0     0.921        24       512     0.968     0.964     0.991     0.966     0.512      0.15         0
   169/299     6.91G     0.729     0.211         0     0.939        21       512     0.973     0.965     0.992     0.969     0.493     0.147         0
   170/299     6.91G     0.691      0.21         0     0.901        22       512     0.971     0.975     0.993     0.973     0.483     0.148         0
   171/299     6.91G     0.718     0.217         0     0.935        17       512     0.967     0.979     0.993     0.973     0.493     0.145         0
   172/299     6.91G     0.686     0.199         0     0.885        29       512     0.959     0.979     0.992     0.969     0.482     0.142         0
   173/299     6.91G      0.68     0.195         0     0.874        23       512      0.96      0.97     0.991     0.965     0.477     0.138         0
   174/299     6.91G     0.678     0.205         0     0.883        18       512     0.957     0.972     0.991     0.964     0.462     0.138         0
   175/299     6.91G     0.672     0.204         0     0.876        22       512     0.961     0.974     0.992     0.967     0.482     0.138         0
   176/299     6.91G     0.711     0.206         0     0.917        28       512     0.957     0.977     0.992     0.967     0.467     0.141         0
   177/299     6.91G     0.673     0.216         0     0.889        33       512     0.962     0.971     0.991     0.966      0.46     0.141         0
   178/299     6.91G     0.663     0.204         0     0.867        24       512     0.965     0.974     0.991     0.969     0.479     0.144         0
   179/299     6.91G     0.739      0.19         0     0.929        23       512     0.967     0.973     0.992      0.97     0.491     0.141         0
   180/299     6.91G      0.69     0.204         0     0.894        23       512     0.971     0.971     0.992     0.971     0.481     0.142         0
   181/299     6.91G     0.672     0.199         0      0.87        31       512     0.968     0.971     0.991      0.97     0.482     0.144         0
   182/299     6.91G     0.687     0.192         0     0.879        24       512      0.96     0.977     0.992     0.969     0.475      0.14         0
   183/299     6.91G      0.71     0.206         0     0.916        26       512     0.955     0.982     0.993     0.968     0.471     0.136         0
   184/299     6.91G     0.673      0.21         0     0.883        26       512     0.959     0.981     0.993     0.969     0.467     0.133         0
   185/299     6.91G     0.641      0.19         0     0.831        24       512     0.964      0.98     0.992     0.972     0.456     0.132         0
   186/299     6.91G     0.617     0.183         0       0.8        24       512     0.965     0.977     0.992     0.971      0.46     0.132         0
   187/299     6.91G     0.626     0.199         0     0.825        20       512      0.97      0.98     0.993     0.975     0.461     0.136         0
   188/299     6.91G     0.643      0.19         0     0.833        25       512     0.961     0.981     0.992     0.971     0.457     0.134         0
   189/299     6.91G     0.628     0.181         0     0.809        25       512     0.962     0.979     0.992     0.971     0.453      0.13         0
   190/299     6.91G     0.644     0.179         0     0.823        24       512     0.969     0.976     0.992     0.972     0.444     0.125         0
   191/299     6.91G     0.638     0.195         0     0.833        21       512     0.966     0.975     0.991      0.97     0.447     0.129         0
   192/299     6.91G     0.647     0.198         0     0.845        23       512     0.967     0.979     0.992     0.973     0.437     0.127         0
   193/299     6.91G     0.625     0.191         0     0.816        16       512     0.971     0.978     0.992     0.974     0.443     0.125         0
   194/299     6.91G     0.618     0.186         0     0.804        30       512     0.966     0.978     0.992     0.972     0.439     0.125         0
   195/299     6.91G     0.614     0.177         0     0.791        21       512     0.969     0.978     0.993     0.973     0.429     0.125         0
   196/299     6.91G     0.614     0.167         0     0.781        17       512     0.974     0.975     0.993     0.975      0.42     0.124         0
   197/299     6.91G      0.61     0.173         0     0.783        33       512     0.967      0.98     0.993     0.973     0.421     0.125         0
   198/299     6.91G     0.607     0.175         0     0.781        22       512     0.957      0.98     0.992     0.968     0.419     0.121         0
   199/299     6.91G     0.607     0.193         0       0.8        20       512     0.951     0.981     0.992     0.966     0.409     0.125         0
   200/299     6.91G     0.623     0.172         0     0.795        30       512     0.967      0.98     0.992     0.974     0.422      0.12         0
   201/299     6.91G     0.603     0.176         0      0.78        27       512     0.968     0.976     0.992     0.972     0.415      0.12         0
   202/299     6.91G     0.584     0.173         0     0.757        21       512      0.96     0.976     0.991     0.968      0.41     0.125         0
   203/299     6.91G     0.591     0.169         0      0.76        31       512     0.953     0.982     0.991     0.967     0.408     0.116         0
   204/299     6.91G     0.592     0.185         0     0.777        26       512     0.934     0.984     0.992     0.958     0.409     0.119         0
   205/299     6.91G     0.559     0.175         0     0.733        15       512     0.954     0.983     0.993     0.969     0.404     0.118         0
   206/299     6.91G     0.583     0.181         0     0.764        31       512     0.963      0.98     0.992     0.971     0.409     0.119         0
   207/299     6.91G     0.606     0.175         0     0.781        35       512      0.96     0.978     0.992     0.969     0.394     0.124         0
   208/299     6.91G      0.58     0.173         0     0.753        30       512     0.961     0.977     0.992     0.969      0.41     0.121         0
   209/299     6.91G     0.568     0.167         0     0.735        32       512     0.961     0.978     0.993     0.969     0.398     0.119         0
   210/299     6.91G     0.562     0.168         0      0.73        26       512      0.96     0.979     0.993      0.97     0.394     0.117         0
   211/299     6.91G      0.56     0.156         0     0.715        21       512     0.961     0.979     0.993      0.97     0.394     0.119         0
   212/299     6.91G     0.547     0.162         0     0.709        27       512     0.965     0.981     0.993     0.973     0.391     0.117         0
   213/299     6.91G     0.566     0.162         0     0.728        21       512     0.958     0.982     0.993     0.969     0.391     0.117         0
   214/299     6.91G     0.559     0.173         0     0.732        18       512     0.955     0.985     0.993      0.97     0.398     0.116         0
   215/299     6.91G     0.545     0.167         0     0.712        24       512      0.96     0.985     0.993     0.972       0.4     0.116         0
   216/299     6.91G      0.53      0.17         0     0.699        15       512     0.956     0.983     0.993      0.97     0.392     0.115         0
   217/299     6.91G     0.587     0.166         0     0.753        17       512     0.952     0.985     0.993     0.968     0.382     0.118         0
   218/299     6.91G     0.567     0.163         0      0.73        20       512     0.964     0.983     0.993     0.974     0.376     0.118         0
   219/299     6.91G     0.539     0.169         0     0.708        25       512     0.972     0.981     0.993     0.977     0.376     0.112         0
   220/299     6.91G     0.541     0.158         0       0.7        21       512     0.962     0.982     0.993     0.972     0.377     0.113         0
   221/299     6.91G     0.539     0.164         0     0.703        30       512     0.955     0.985     0.993      0.97     0.377     0.112         0
   222/299     6.91G     0.562      0.16         0     0.722        26       512     0.959     0.984     0.993     0.971     0.381     0.107         0
   223/299     6.91G     0.542     0.149         0      0.69        12       512     0.959     0.984     0.993     0.972     0.378     0.106         0
   224/299     6.91G     0.532     0.147         0     0.679        29       512     0.949     0.985     0.993     0.967     0.375     0.105         0
   225/299     6.91G     0.539     0.151         0      0.69        33       512     0.953     0.986     0.993     0.969     0.372     0.103         0
   226/299     6.91G     0.537     0.158         0     0.695        34       512     0.961     0.985     0.994     0.973     0.374     0.107         0
   227/299     6.91G     0.525     0.154         0      0.68        17       512     0.967     0.984     0.994     0.975     0.364     0.104         0
   228/299     6.91G     0.528     0.158         0     0.686        21       512     0.955     0.984     0.993     0.969     0.367     0.103         0
   229/299     6.91G     0.532     0.148         0     0.681        31       512     0.959     0.983     0.993     0.971     0.373     0.104         0
   230/299     6.91G     0.517     0.154         0     0.671        23       512     0.957     0.983     0.993      0.97     0.374     0.105         0
   231/299     6.91G     0.504     0.162         0     0.666        27       512     0.958     0.983     0.993     0.971     0.372     0.103         0
   232/299     6.91G     0.522     0.151         0     0.674        23       512     0.956     0.983     0.993      0.97     0.366     0.103         0
   233/299     6.91G     0.522     0.148         0      0.67        20       512     0.943     0.984     0.993     0.963     0.365     0.104         0
   234/299     6.91G     0.531     0.141         0     0.672        25       512      0.94     0.986     0.993     0.962     0.367     0.104         0
   235/299     6.91G     0.499     0.152         0     0.651        24       512     0.943     0.983     0.993     0.963      0.36     0.101         0
   236/299     6.91G      0.49     0.151         0     0.642        17       512     0.948     0.983     0.993     0.966     0.361     0.101         0
   237/299     6.91G      0.49     0.156         0     0.646        28       512     0.949     0.983     0.993     0.966     0.366    0.0992         0
   238/299     6.91G     0.499     0.159         0     0.658        23       512     0.946     0.985     0.993     0.965     0.367       0.1         0
   239/299     6.91G     0.518      0.15         0     0.668        38       512     0.945     0.984     0.993     0.964     0.361       0.1         0
   240/299     6.91G     0.501     0.149         0      0.65        25       512     0.947     0.983     0.993     0.965     0.357       0.1         0
   241/299     6.91G      0.48     0.153         0     0.633        26       512     0.944     0.983     0.993     0.963     0.352     0.101         0
   242/299     6.91G     0.495     0.148         0     0.643        31       512     0.952     0.983     0.993     0.967      0.35     0.102         0
   243/299     6.91G     0.482     0.147         0     0.629        29       512     0.952     0.984     0.993     0.968     0.351     0.104         0
   244/299     6.91G     0.499     0.139         0     0.638        19       512     0.946     0.985     0.993     0.965     0.346     0.102         0
   245/299     6.91G     0.485     0.145         0     0.629        25       512     0.953     0.985     0.994     0.969     0.352    0.0978         0
   246/299     6.91G     0.491      0.15         0     0.641        26       512     0.957     0.985     0.993     0.971      0.35    0.0987         0
   247/299     6.91G     0.496     0.148         0     0.644        23       512     0.958     0.984     0.993     0.971     0.351    0.0995         0
   248/299     6.91G     0.486     0.143         0     0.628        19       512      0.95     0.985     0.993     0.967     0.347    0.0969         0
   249/299     6.91G     0.473     0.152         0     0.625        26       512     0.949     0.985     0.993     0.967     0.353    0.0967         0
   250/299     6.91G     0.496     0.144         0      0.64        35       512     0.951     0.984     0.993     0.968     0.347     0.097         0
   251/299     6.91G      0.49     0.139         0     0.629        24       512     0.948     0.985     0.993     0.966     0.344    0.0955         0
   252/299     6.91G     0.473     0.149         0     0.622        21       512     0.943     0.985     0.993     0.963     0.341    0.0949         0
   253/299     6.91G     0.496     0.146         0     0.642        27       512     0.943     0.985     0.993     0.964      0.34     0.096         0
   254/299     6.91G     0.455     0.141         0     0.597        19       512     0.947     0.983     0.993     0.965     0.341    0.0949         0
   255/299     6.91G     0.464     0.135         0     0.599        29       512     0.943     0.984     0.993     0.963     0.336     0.093         0
   256/299     6.91G     0.469     0.146         0     0.615        15       512     0.947     0.985     0.993     0.966     0.341    0.0939         0
   257/299     6.91G     0.485     0.133         0     0.618        22       512     0.954     0.984     0.994     0.969     0.334    0.0938         0
   258/299     6.91G     0.479     0.149         0     0.628        35       512     0.952     0.984     0.994     0.968     0.335    0.0924         0
   259/299     6.91G     0.469     0.146         0     0.614        24       512     0.947     0.985     0.993     0.966     0.338    0.0912         0
   260/299     6.91G     0.451     0.131         0     0.581        25       512     0.947     0.984     0.993     0.965     0.334    0.0901         0
   261/299     6.91G     0.473     0.139         0     0.612        25       512      0.95     0.984     0.994     0.967     0.337    0.0895         0
   262/299     6.91G     0.452     0.129         0     0.581        26       512     0.948     0.985     0.994     0.966     0.334    0.0885         0
   263/299     6.91G     0.442     0.138         0      0.58        23       512     0.944     0.986     0.994     0.964     0.328    0.0888         0
   264/299     6.91G     0.463     0.128         0     0.591        23       512     0.947     0.986     0.994     0.966     0.329    0.0878         0
   265/299     6.91G      0.44     0.138         0     0.578        24       512     0.944     0.986     0.994     0.964     0.329    0.0874         0
   266/299     6.91G     0.464     0.143         0     0.607        41       512     0.941     0.989     0.994     0.965     0.328    0.0863         0
   267/299     6.91G     0.452     0.125         0     0.577        22       512      0.94     0.991     0.994     0.965     0.328    0.0861         0
   268/299     6.91G     0.456     0.135         0     0.591        33       512     0.943     0.989     0.994     0.966      0.33    0.0874         0
   269/299     6.91G     0.447     0.126         0     0.573        25       512     0.944     0.987     0.994     0.965     0.325     0.088         0
   270/299     6.91G     0.446     0.124         0      0.57        17       512     0.945     0.989     0.994     0.966     0.328    0.0884         0
   271/299     6.91G     0.442     0.141         0     0.583        19       512     0.947     0.989     0.994     0.967     0.324    0.0876         0
   272/299     6.91G     0.444     0.131         0     0.575        13       512     0.946     0.988     0.994     0.967     0.317    0.0855         0
   273/299     6.91G     0.446     0.136         0     0.582        23       512     0.946     0.987     0.994     0.966     0.322    0.0852         0
   274/299     6.91G     0.443     0.131         0     0.574        26       512     0.945     0.986     0.994     0.965     0.322    0.0849         0
   275/299     6.91G     0.429     0.127         0     0.556        25       512     0.946     0.985     0.994     0.965     0.319    0.0854         0
   276/299     6.91G     0.466      0.13         0     0.596        22       512     0.939     0.987     0.994     0.963     0.316     0.084         0
   277/299     6.91G     0.454      0.14         0     0.595        32       512     0.939     0.987     0.994     0.962     0.311    0.0828         0
   278/299     6.91G     0.437     0.134         0     0.571        27       512     0.942     0.986     0.994     0.963      0.31    0.0838         0
   279/299     6.91G     0.435     0.131         0     0.566        28       512     0.946     0.986     0.994     0.965     0.314    0.0853         0
   280/299     6.91G     0.437     0.137         0     0.574        26       512     0.945     0.987     0.994     0.965     0.311    0.0846         0
   281/299     6.91G     0.425     0.139         0     0.565        21       512     0.946     0.989     0.994     0.967     0.313    0.0843         0
   282/299     6.91G     0.431     0.135         0     0.566        32       512     0.945     0.989     0.994     0.966     0.313    0.0843         0
   283/299     6.91G     0.412     0.136         0     0.548        21       512     0.941      0.99     0.994     0.965     0.314    0.0847         0
   284/299     6.91G     0.459     0.134         0     0.593        33       512     0.942      0.99     0.994     0.965     0.313    0.0839         0
   285/299     6.91G     0.446     0.135         0     0.581        28       512     0.944     0.989     0.994     0.966     0.313    0.0836         0
   286/299     6.91G     0.428     0.132         0      0.56        33       512     0.943     0.988     0.994     0.965     0.309    0.0827         0
   287/299     6.91G     0.444     0.135         0     0.579        27       512     0.939     0.989     0.994     0.963      0.31     0.083         0
   288/299     6.91G      0.42     0.135         0     0.555        30       512     0.939     0.988     0.994     0.963     0.313    0.0835         0
   289/299     6.91G     0.453     0.133         0     0.586        26       512      0.94     0.989     0.994     0.964     0.308     0.083         0
   290/299     6.91G     0.433     0.128         0     0.561        23       512     0.942     0.989     0.994     0.965      0.31    0.0825         0
   291/299     6.91G     0.421     0.137         0     0.558        24       512      0.94     0.988     0.994     0.963      0.31    0.0817         0
   292/299     6.91G     0.425     0.127         0     0.552        28       512     0.939     0.988     0.994     0.963     0.312    0.0812         0
   293/299     6.91G     0.417     0.127         0     0.544        21       512     0.941     0.989     0.994     0.964     0.309    0.0811         0
   294/299     6.91G     0.443     0.145         0     0.588        42       512      0.94     0.989     0.994     0.964     0.306    0.0812         0
   295/299     6.91G     0.411     0.121         0     0.532        21       512     0.941      0.99     0.994     0.965     0.305    0.0806         0
   296/299     6.91G     0.419     0.129         0     0.548        19       512      0.94      0.99     0.994     0.964     0.305    0.0804         0
   297/299     6.91G     0.421     0.141         0     0.562        29       512      0.94     0.989     0.994     0.964     0.303    0.0799         0
   298/299     6.91G     0.405     0.134         0      0.54        22       512     0.943     0.988     0.994     0.965     0.306    0.0803         0
   299/299     6.91G     0.435      0.13         0     0.566        24       512     0.943     0.989     0.994     0.965     0.303    0.0811         0
